3500 3500 3500 3500 3500 3500 3500 3500 3500 3500 3500 3500 3500 674 3500 3500 3500 3500 3500 3500 
3500 3500 3500 3500 3500 3500 3500 3500 3500 3500 3500 800 441 2379 3500 2530 3500 3500 3500 3500 
3500 3500 3500 3500 3500 3500 2498 3500 3500 3500 3500 1751 3500 3500 3500 326 3500 3500 3500 3500 
3500 3500 3500 3500 3500 3500 3500 3500 3500 3500 1579 3500 3500 3500 3500 3500 3500 785 3500 2953 
3500 3500 3500 3500 3500 3500 3500 3500 3500 3500 2164 3500 3500 3500 3500 576 3500 1827 3500 3500 
3500 3500 3500 3500 3500 1413 3500 3500 3500 3500 3500 3500 3500 3500 3500 3500 3500 3500 3500 3500 
1446 3500 3500 3500 3500 3500 1305 3500 3500 3500 3500 3500 3500 3500 3500 3500 3500 3500 3059 3500 
3500 3500 3500 3500 3500 3500 3500 3500 3500 3500 3500 3500 3500 3500 3500 3500 3500 923 3500 1078 
3500 3500 3500 3500 3500 3500 3500 3500 3500 3500 3500 3500 3500 3500 3500 3500 3500 3500 3500 3500 
3500 3500 3500 3500 3500 3500 3500 3500 3500 3500 3500 3500 3500 3500 3500 3500 3500 3500 3500 1086 
3500 3500 3500 3500 3500 3500 3500 3500 3500 3500 3500 3500 3500 3500 3500 3500 3500 3500 3500 3500 
