55838 59708 59500 55042 59896 61025 57251 62500 63440 58393 63500 61228 60300 65346 60519 58192 64900 62500 62267 64428 
1768 59117 57150 55692 64524 62083 62263 62092 63926 64967 65100 62134 65104 63192 64771 64570 64982 65032 62908 65000 
51252 63125 64654 62999 62365 64771 64700 65053 64717 64400 64220 63600 64750 65003 65128 64848 64988 65083 65216 64989 
63192 61000 65345 63728 65055 65100 65346 64385 63867 65346 65075 65327 64739 64900 64804 65320 65028 63200 64957 65032 
62750 62367 65110 62200 64925 65119 64260 65235 65250 65100 64200 64175 64728 65100 63792 65100 65346 65325 65077 65295 
65284 65306 65100 64899 65078 65036 64283 65240 65342 64400 64850 65249 65209 64692 64636 65346 65328 65094 64575 65242 
53914 62292 64000 64984 63346 64153 63928 64800 64806 64493 64660 64692 65124 64836 65142 65212 65317 65100 65300 65092 
59248 61915 63663 65188 65100 62500 64799 65084 64840 64676 65117 65237 65244 64800 64879 64390 64888 65295 65000 65092 
65316 62043 62692 63492 65092 64400 64800 65322 64324 64819 65100 64852 65004 64592 65136 65284 64490 65200 65327 64675 
61944 64885 61490 63000 64227 64532 62725 65092 65167 64719 64416 64800 64525 64400 64713 64800 62828 64980 64085 65190 
45804 61722 62280 45719 47625 44867 62778 64668 63817 65226 61125 62668 65161 62228 64300 63192 65100 64498 61492 64532 
